# 1036
 1.536306458E+02 1.163461838E+02
 1.536306458E+02 1.234617996E+01
 1.536306458E+02 1.155461807E+02
 1.536306458E+02 1.147461777E+02
 1.536306458E+02 1.139461823E+02
 1.536306458E+02 1.131461792E+02
 1.536306458E+02 1.123461838E+02
 1.536306458E+02 1.115461807E+02
 1.536306458E+02 1.107461777E+02
 1.536306458E+02 1.099461823E+02
 1.536306458E+02 1.091461792E+02
 1.536306458E+02 1.083461838E+02
 1.536306458E+02 1.075461807E+02
 1.536306458E+02 1.067461777E+02
 1.536306458E+02 1.059461823E+02
 1.536306458E+02 1.051461792E+02
 1.536306458E+02 1.043461838E+02
 1.536306458E+02 1.035461807E+02
 1.536306458E+02 1.027461777E+02
 1.536306458E+02 1.019461823E+02
 1.536306458E+02 1.011461792E+02
 1.536306458E+02 1.003461838E+02
 1.536306458E+02 9.954618073E+01
 1.536306458E+02 9.874617767E+01
 1.536306458E+02 9.794618225E+01
 1.536306458E+02 9.714617920E+01
 1.536306458E+02 9.634618378E+01
 1.536306458E+02 9.554618073E+01
 1.536306458E+02 9.474617767E+01
 1.536306458E+02 9.394618225E+01
 1.536306458E+02 9.314617920E+01
 1.536306458E+02 9.234618378E+01
 1.536306458E+02 9.154618073E+01
 1.536306458E+02 9.074617767E+01
 1.536306458E+02 8.994618225E+01
 1.536306458E+02 8.914617920E+01
 1.536306458E+02 8.834618378E+01
 1.536306458E+02 8.754618073E+01
 1.536306458E+02 8.674617767E+01
 1.536306458E+02 8.594618225E+01
 1.536306458E+02 8.514617920E+01
 1.536306458E+02 8.434618378E+01
 1.536306458E+02 8.354618073E+01
 1.536306458E+02 8.274617767E+01
 1.536306458E+02 8.194618225E+01
 1.536306458E+02 8.114617920E+01
 1.536306458E+02 8.034618378E+01
 1.536306458E+02 7.954618073E+01
 1.536306458E+02 7.874617767E+01
 1.536306458E+02 7.794618225E+01
 1.536306458E+02 7.714617920E+01
 1.536306458E+02 7.634618378E+01
 1.536306458E+02 7.554618073E+01
 1.536306458E+02 7.474617767E+01
 1.536306458E+02 7.394618225E+01
 1.536306458E+02 7.314617920E+01
 1.536306458E+02 7.234618378E+01
 1.536306458E+02 7.154618073E+01
 1.536306458E+02 7.074617767E+01
 1.536306458E+02 6.994618225E+01
 1.536306458E+02 6.914617920E+01
 1.536306458E+02 6.834618378E+01
 1.536306458E+02 6.754618073E+01
 1.536306458E+02 6.674617767E+01
 1.536306458E+02 6.594618225E+01
 1.536306458E+02 6.514617920E+01
 1.536306458E+02 6.434618378E+01
 1.536306458E+02 6.354618073E+01
 1.536306458E+02 6.274618149E+01
 1.536306458E+02 6.194617844E+01
 1.536306458E+02 6.114617920E+01
 1.536306458E+02 6.034617996E+01
 1.536306458E+02 5.954618073E+01
 1.536306458E+02 5.874618149E+01
 1.536306458E+02 5.794617844E+01
 1.536306458E+02 5.714617920E+01
 1.536306458E+02 5.634617996E+01
 1.536306458E+02 5.554618073E+01
 1.536306458E+02 5.474618149E+01
 1.536306458E+02 5.394617844E+01
 1.536306458E+02 5.314617920E+01
 1.536306458E+02 5.234617996E+01
 1.536306458E+02 5.154618073E+01
 1.536306458E+02 5.074618149E+01
 1.536306458E+02 4.994617844E+01
 1.536306458E+02 4.914617920E+01
 1.536306458E+02 4.834617996E+01
 1.536306458E+02 4.754618073E+01
 1.536306458E+02 4.674618149E+01
 1.536306458E+02 4.594617844E+01
 1.536306458E+02 4.514617920E+01
 1.536306458E+02 4.434617996E+01
 1.536306458E+02 4.354618073E+01
 1.536306458E+02 4.274618149E+01
 1.536306458E+02 4.194617844E+01
 1.536306458E+02 4.114617920E+01
 1.536306458E+02 4.034617996E+01
 1.536306458E+02 3.954618073E+01
 1.536306458E+02 3.874618149E+01
 1.536306458E+02 3.794617844E+01
 1.536306458E+02 3.714617920E+01
 1.536306458E+02 3.634617996E+01
 1.536306458E+02 3.554618073E+01
 1.536306458E+02 3.474618149E+01
 1.536306458E+02 3.394617844E+01
 1.536306458E+02 3.314617920E+01
 1.536306458E+02 3.234617996E+01
 1.536306458E+02 3.154618073E+01
 1.536306458E+02 3.074617958E+01
 1.536306458E+02 2.994618034E+01
 1.536306458E+02 2.914617920E+01
 1.536306458E+02 2.834617996E+01
 1.536306458E+02 2.754618073E+01
 1.536306458E+02 2.674617958E+01
 1.536306458E+02 2.594618034E+01
 1.536306458E+02 2.514617920E+01
 1.536306458E+02 2.434617996E+01
 1.536306458E+02 2.354618073E+01
 1.536306458E+02 2.274617958E+01
 1.536306458E+02 2.194618034E+01
 1.536306458E+02 2.114617920E+01
 1.536306458E+02 2.034617996E+01
 1.536306458E+02 1.954618073E+01
 1.536306458E+02 1.874617958E+01
 1.536306458E+02 1.794618034E+01
 1.536306458E+02 1.714617920E+01
 1.536306458E+02 1.634617996E+01
 1.536306458E+02 1.554617977E+01
 1.536306458E+02 1.474617958E+01
 1.536306458E+02 1.394618034E+01
 1.536306458E+02 1.314618015E+01
 1.392987823E+02 1.183667526E+02
 1.400874329E+02 1.182064667E+02
 1.408760834E+02 1.180461807E+02
 1.416652374E+02 1.178885422E+02
 1.424572906E+02 1.177459641E+02
 1.432493286E+02 1.176033936E+02
 1.440421600E+02 1.174654846E+02
 1.448373108E+02 1.173413773E+02
 1.456324615E+02 1.172172699E+02
 1.464284210E+02 1.170988007E+02
 1.472263184E+02 1.169938965E+02
 1.480242310E+02 1.168889923E+02
 1.488227997E+02 1.167896805E+02
 1.496230774E+02 1.167047195E+02
 1.504233551E+02 1.166197510E+02
 1.512240143E+02 1.165387573E+02
 1.520262146E+02 1.164745636E+02
 1.528284302E+02 1.164103699E+02
 2.925679922E+00 1.727830200E+02
 2.110527611E+01 1.709972687E+02
 3.727103233E+00 1.727743225E+02
 4.528526306E+00 1.727656403E+02
 5.329696655E+00 1.727440643E+02
 6.130843163E+00 1.727212830E+02
 6.931549549E+00 1.726866608E+02
 7.732176781E+00 1.726499176E+02
 8.532200813E+00 1.726021118E+02
 9.332070351E+00 1.725514832E+02
 1.013119602E+01 1.724905090E+02
 1.093007374E+01 1.724261017E+02
 1.172808552E+01 1.723519897E+02
 1.252574444E+01 1.722739105E+02
 1.332243156E+01 1.721867065E+02
 1.411865234E+01 1.720951233E+02
 1.491380405E+01 1.719948883E+02
 1.570837975E+01 1.718899841E+02
 1.599845600E+01 1.713430634E+02
 1.599800301E+01 1.705415955E+02
 1.599755001E+01 1.697401276E+02
 1.599709702E+01 1.689386597E+02
 1.599664402E+01 1.681371918E+02
 1.599619102E+01 1.673357239E+02
 1.599573803E+01 1.665342407E+02
 1.599528503E+01 1.657327728E+02
 1.599483204E+01 1.649313049E+02
 1.599437904E+01 1.641298370E+02
 1.599392605E+01 1.633283691E+02
 1.599347305E+01 1.625269012E+02
 1.599302006E+01 1.617254181E+02
 1.599256706E+01 1.609239502E+02
 1.599211407E+01 1.601224823E+02
 1.599166107E+01 1.593210144E+02
 1.599120808E+01 1.585195465E+02
 1.599075508E+01 1.577180786E+02
 1.599030209E+01 1.569166107E+02
 1.598984909E+01 1.561151276E+02
 1.598939610E+01 1.553136597E+02
 1.598894310E+01 1.545121918E+02
 1.598849010E+01 1.537107239E+02
 1.598803711E+01 1.529092560E+02
 1.553142643E+01 1.524830780E+02
 1.474506474E+01 1.523281860E+02
 1.395870304E+01 1.521732941E+02
 1.317234230E+01 1.520184021E+02
 1.238598061E+01 1.518635101E+02
 1.159961987E+01 1.517086334E+02
 1.081325817E+01 1.515537415E+02
 1.026147079E+01 1.511968689E+02
 1.022507858E+01 1.503962250E+02
 1.018868732E+01 1.495955811E+02
 1.093380547E+01 1.495126343E+02
 1.173464584E+01 1.494808502E+02
 1.253548527E+01 1.494490662E+02
 1.333632565E+01 1.494172974E+02
 1.413716602E+01 1.493855133E+02
 1.493800545E+01 1.493537292E+02
 1.573884583E+01 1.493219604E+02
 1.653968620E+01 1.492901764E+02
 1.734052658E+01 1.492583923E+02
 1.814136505E+01 1.492266235E+02
 1.894220543E+01 1.491948395E+02
 1.974304581E+01 1.491630554E+02
 2.054388618E+01 1.491312866E+02
 2.109679794E+01 1.493575592E+02
 2.109711075E+01 1.501590271E+02
 2.109742546E+01 1.509605103E+02
 2.109774017E+01 1.517619781E+02
 2.109805298E+01 1.525634460E+02
 2.109836769E+01 1.533649139E+02
 2.109868050E+01 1.541663818E+02
 2.109899521E+01 1.549678497E+02
 2.109930992E+01 1.557693329E+02
 2.109962273E+01 1.565708008E+02
 2.109993744E+01 1.573722687E+02
 2.110025215E+01 1.581737366E+02
 2.110056496E+01 1.589752045E+02
 2.110087967E+01 1.597766724E+02
 2.110119438E+01 1.605781403E+02
 2.110150719E+01 1.613796234E+02
 2.110182190E+01 1.621810913E+02
 2.110213661E+01 1.629825592E+02
 2.110244942E+01 1.637840271E+02
 2.110276413E+01 1.645854950E+02
 2.110307693E+01 1.653869629E+02
 2.110339165E+01 1.661884460E+02
 2.110370636E+01 1.669899139E+02
 2.110401917E+01 1.677913818E+02
 2.110433388E+01 1.685928497E+02
 2.110464859E+01 1.693943176E+02
 2.110496140E+01 1.701957855E+02
 2.925679922E+00 6.878302002E+01
 2.925679922E+00 6.958301544E+01
 2.925679922E+00 7.038301849E+01
 2.925679922E+00 7.118301392E+01
 2.925679922E+00 7.198301697E+01
 2.925679922E+00 7.278302002E+01
 2.925679922E+00 7.358301544E+01
 2.925679922E+00 7.438301849E+01
 2.925679922E+00 7.518301392E+01
 2.925679922E+00 7.598301697E+01
 2.925679922E+00 7.678302002E+01
 2.925679922E+00 7.758301544E+01
 2.925679922E+00 7.838301849E+01
 2.925679922E+00 7.918301392E+01
 2.925679922E+00 7.998301697E+01
 2.925679922E+00 8.078302002E+01
 2.925679922E+00 8.158301544E+01
 2.925679922E+00 8.238301849E+01
 2.925679922E+00 8.318301392E+01
 2.925679922E+00 8.398301697E+01
 2.925679922E+00 8.478302002E+01
 2.925679922E+00 8.558301544E+01
 2.925679922E+00 8.638301849E+01
 2.925679922E+00 8.718301392E+01
 2.925679922E+00 8.798301697E+01
 2.925679922E+00 8.878302002E+01
 2.925679922E+00 8.958301544E+01
 2.925679922E+00 9.038301849E+01
 2.925679922E+00 9.118301392E+01
 2.925679922E+00 9.198301697E+01
 2.925679922E+00 9.278302002E+01
 2.925679922E+00 9.358301544E+01
 2.925679922E+00 9.438301849E+01
 2.925679922E+00 9.518301392E+01
 2.925679922E+00 9.598301697E+01
 2.925679922E+00 9.678302002E+01
 2.925679922E+00 9.758301544E+01
 2.925679922E+00 9.838301849E+01
 2.925679922E+00 9.918301392E+01
 2.925679922E+00 9.998301697E+01
 2.925679922E+00 1.007830200E+02
 2.925679922E+00 1.015830154E+02
 2.925679922E+00 1.023830185E+02
 2.925679922E+00 1.031830139E+02
 2.925679922E+00 1.039830170E+02
 2.925679922E+00 1.047830200E+02
 2.925679922E+00 1.055830154E+02
 2.925679922E+00 1.063830185E+02
 2.925679922E+00 1.071830139E+02
 2.925679922E+00 1.079830170E+02
 2.925679922E+00 1.087830200E+02
 2.925679922E+00 1.095830154E+02
 2.925679922E+00 1.103830185E+02
 2.925679922E+00 1.111830139E+02
 2.925679922E+00 1.119830170E+02
 2.925679922E+00 1.127830200E+02
 2.925679922E+00 1.135830154E+02
 2.925679922E+00 1.143830185E+02
 2.925679922E+00 1.151830139E+02
 2.925679922E+00 1.159830170E+02
 2.925679922E+00 1.167830200E+02
 2.925679922E+00 1.175830154E+02
 2.925679922E+00 1.183830185E+02
 2.925679922E+00 1.191830139E+02
 2.925679922E+00 1.199830170E+02
 2.925679922E+00 1.207830200E+02
 2.925679922E+00 1.215830154E+02
 2.925679922E+00 1.223830185E+02
 2.925679922E+00 1.231830139E+02
 2.925679922E+00 1.239830170E+02
 2.925679922E+00 1.247830200E+02
 2.925679922E+00 1.255830154E+02
 2.925679922E+00 1.263830185E+02
 2.925679922E+00 1.271830139E+02
 2.925679922E+00 1.279830170E+02
 2.925679922E+00 1.287830200E+02
 2.925679922E+00 1.295830231E+02
 2.925679922E+00 1.303830109E+02
 2.925679922E+00 1.311830139E+02
 2.925679922E+00 1.319830170E+02
 2.925679922E+00 1.327830200E+02
 2.925679922E+00 1.335830231E+02
 2.925679922E+00 1.343830109E+02
 2.925679922E+00 1.351830139E+02
 2.925679922E+00 1.359830170E+02
 2.925679922E+00 1.367830200E+02
 2.925679922E+00 1.375830231E+02
 2.925679922E+00 1.383830109E+02
 2.925679922E+00 1.391830139E+02
 2.925679922E+00 1.399830170E+02
 2.925679922E+00 1.407830200E+02
 2.925679922E+00 1.415830231E+02
 2.925679922E+00 1.423830109E+02
 2.925679922E+00 1.431830139E+02
 2.925679922E+00 1.439830170E+02
 2.925679922E+00 1.447830200E+02
 2.925679922E+00 1.455830231E+02
 2.925679922E+00 1.463830109E+02
 2.925679922E+00 1.471830139E+02
 2.925679922E+00 1.479830170E+02
 2.925679922E+00 1.487830200E+02
 2.925679922E+00 1.495830231E+02
 2.925679922E+00 1.503830109E+02
 2.925679922E+00 1.511830139E+02
 2.925679922E+00 1.519830170E+02
 2.925679922E+00 1.527830200E+02
 2.925679922E+00 1.535830231E+02
 2.925679922E+00 1.543830109E+02
 2.925679922E+00 1.551830139E+02
 2.925679922E+00 1.559830170E+02
 2.925679922E+00 1.567830200E+02
 2.925679922E+00 1.575830231E+02
 2.925679922E+00 1.583830109E+02
 2.925679922E+00 1.591830139E+02
 2.925679922E+00 1.599830170E+02
 2.925679922E+00 1.607830200E+02
 2.925679922E+00 1.615830231E+02
 2.925679922E+00 1.623830109E+02
 2.925679922E+00 1.631830139E+02
 2.925679922E+00 1.639830170E+02
 2.925679922E+00 1.647830200E+02
 2.925679922E+00 1.655830231E+02
 2.925679922E+00 1.663830109E+02
 2.925679922E+00 1.671830139E+02
 2.925679922E+00 1.679830170E+02
 2.925679922E+00 1.687830200E+02
 2.925679922E+00 1.695830231E+02
 2.925679922E+00 1.703830109E+02
 2.925679922E+00 1.711830139E+02
 2.925679922E+00 1.719830170E+02
 1.528311157E+02 1.240779400E+01
 1.520316010E+02 1.246940708E+01
 1.512328033E+02 1.253925896E+01
 1.504346924E+02 1.261704254E+01
 1.496367340E+02 1.269618797E+01
 1.488403168E+02 1.278961849E+01
 1.480438843E+02 1.288304901E+01
 1.472488403E+02 1.298733234E+01
 1.464543304E+02 1.309593678E+01
 1.456606598E+02 1.321023560E+01
 1.448683167E+02 1.333353233E+01
 1.440762024E+02 1.345832825E+01
 1.432861938E+02 1.359580612E+01
 1.424961700E+02 1.373328495E+01
 1.417083282E+02 1.388265228E+01
 1.409208221E+02 1.403378010E+01
 1.401351013E+02 1.419391441E+01
 1.393502197E+02 1.435818863E+01
 1.385668182E+02 1.452924633E+01
 1.377847137E+02 1.470625210E+01
 1.370037537E+02 1.488817120E+01
 1.362245483E+02 1.507753277E+01
 1.354461670E+02 1.527022839E+01
 1.346699677E+02 1.547155857E+01
 1.338943176E+02 1.567493725E+01
 1.331212006E+02 1.588783455E+01
 1.323483887E+02 1.610178375E+01
 1.315784454E+02 1.632583427E+01
 1.308085938E+02 1.655022430E+01
 1.300418396E+02 1.678500748E+01
 1.292750854E+02 1.701979065E+01
 1.285115509E+02 1.726477623E+01
 1.277480316E+02 1.750987244E+01
 1.269876556E+02 1.776453590E+01
 1.262273865E+02 1.801952553E+01
 1.254702530E+02 1.828366089E+01
 1.247132339E+02 1.854813004E+01
 1.239593887E+02 1.882151413E+01
 1.232056656E+02 1.909525490E+01
 1.224550705E+02 1.937743950E+01
 1.217047501E+02 1.966034317E+01
 1.209572983E+02 1.995077324E+01
 1.202103958E+02 2.024256516E+01
 1.194660492E+02 2.054086113E+01
 1.187225494E+02 2.084121895E+01
 1.179812698E+02 2.114705658E+01
 1.172411270E+02 2.145559692E+01
 1.165028915E+02 2.176870155E+01
 1.157660446E+02 2.208502960E+01
 1.150308228E+02 2.240514374E+01
 1.142971878E+02 2.272886848E+01
 1.135649490E+02 2.305574226E+01
 1.128344498E+02 2.338647652E+01
 1.121051483E+02 2.371985626E+01
 1.113776779E+02 2.405720901E+01
 1.106512680E+02 2.439684868E+01
 1.099267273E+02 2.474043083E+01
 1.092031631E+02 2.508608627E+01
 1.084814148E+02 2.543550682E+01
 1.077606430E+02 2.578695488E+01
 1.070415344E+02 2.614177895E+01
 1.063235168E+02 2.649881935E+01
 1.056068649E+02 2.685858345E+01
 1.048915634E+02 2.722101974E+01
 1.041771698E+02 2.758524895E+01
 1.034645157E+02 2.795287895E+01
 1.027521667E+02 2.832109451E+01
 1.020421066E+02 2.869370079E+01
 1.013320389E+02 2.906630707E+01
 1.006240311E+02 2.944278526E+01
 9.991647339E+01 2.982012749E+01
 9.920997620E+01 3.019944382E+01
 9.850481415E+01 3.058125687E+01
 9.779965973E+01 3.096306801E+01
 9.709674835E+01 3.134899139E+01
 9.639386749E+01 3.173498154E+01
 9.569192505E+01 3.212266159E+01
 9.499118042E+01 3.251250839E+01
 9.429043579E+01 3.290235519E+01
 9.359124756E+01 3.329498291E+01
 9.289245605E+01 3.368833160E+01
 9.219374847E+01 3.408181381E+01
 9.149671936E+01 3.447826767E+01
 9.079969025E+01 3.487472153E+01
 9.010292816E+01 3.527164078E+01
 8.940740967E+01 3.567074585E+01
 8.871189880E+01 3.606984711E+01
 8.801661682E+01 3.646936417E+01
 8.732233429E+01 3.687060165E+01
 8.662804413E+01 3.727183914E+01
 8.593383789E+01 3.767321777E+01
 8.524045563E+01 3.807600784E+01
 8.454706573E+01 3.847879410E+01
 8.385367584E+01 3.888158417E+01
 8.316073608E+01 3.928513718E+01
 8.246786499E+01 3.968882370E+01
 8.177500153E+01 4.009250641E+01
 8.108217621E+01 4.049626160E+01
 8.038939667E+01 4.090009308E+01
 7.969661713E+01 4.130392456E+01
 7.900382996E+01 4.170775604E+01
 7.831066132E+01 4.211091614E+01
 7.761748505E+01 4.251406097E+01
 7.692430115E+01 4.291720963E+01
 7.623077393E+01 4.331975555E+01
 7.553668976E+01 4.372134018E+01
 7.484259796E+01 4.412292099E+01
 7.414851379E+01 4.452450180E+01
 7.345333099E+01 4.492418671E+01
 7.275784302E+01 4.532333374E+01
 7.206234741E+01 4.572247696E+01
 7.136645508E+01 4.612091827E+01
 7.066909027E+01 4.651677704E+01
 6.997172546E+01 4.691263962E+01
 6.927436066E+01 4.730850220E+01
 6.857538605E+01 4.770151901E+01
 6.787570953E+01 4.809327316E+01
 6.717602539E+01 4.848503113E+01
 6.647575378E+01 4.887571335E+01
 6.577335358E+01 4.926256943E+01
 6.507095337E+01 4.964942551E+01
 6.436854553E+01 5.003628159E+01
 6.366367340E+01 5.041860580E+01
 6.295818329E+01 5.079979706E+01
 6.225269318E+01 5.118099213E+01
 6.154570007E+01 5.155937576E+01
 6.083678436E+01 5.193416214E+01
 6.012786865E+01 5.230894852E+01
 5.941847229E+01 5.268280792E+01
 5.870582962E+01 5.305046082E+01
 5.799319077E+01 5.341810989E+01
 5.728054810E+01 5.378576279E+01
 5.656442261E+01 5.414656830E+01
 5.584777832E+01 5.450635147E+01
 5.513113022E+01 5.486613464E+01
 5.441174698E+01 5.522037888E+01
 5.369082642E+01 5.557152176E+01
 5.296990967E+01 5.592266846E+01
 5.224705887E+01 5.626978302E+01
 5.152162170E+01 5.661148453E+01
 5.079618073E+01 5.695318985E+01
 5.006968307E+01 5.729260635E+01
 4.933949661E+01 5.762405014E+01
 4.860931015E+01 5.795549393E+01
 4.787900925E+01 5.828667068E+01
 4.714387512E+01 5.860699081E+01
 4.640874481E+01 5.892731476E+01
 4.567361069E+01 5.924763489E+01
 4.493428040E+01 5.955810547E+01
 4.419401169E+01 5.986636734E+01
 4.345374298E+01 6.017463303E+01
 4.271038055E+01 6.047528076E+01
 4.196480179E+01 6.077046585E+01
 4.121921921E+01 6.106565094E+01
 4.047196198E+01 6.135648346E+01
 3.972094727E+01 6.163755417E+01
 3.896993256E+01 6.191862488E+01
 3.821884155E+01 6.219948959E+01
 3.746230698E+01 6.246534729E+01
 3.670577240E+01 6.273120499E+01
 3.594923782E+01 6.299706268E+01
 3.518902588E+01 6.325208664E+01
 3.442692947E+01 6.350156403E+01
 3.366483688E+01 6.375103760E+01
 3.290126419E+01 6.399581146E+01
 3.213365173E+01 6.422775269E+01
 3.136603737E+01 6.445969391E+01
 3.059842491E+01 6.469163513E+01
 2.982631493E+01 6.490800476E+01
 2.905328178E+01 6.512117767E+01
 2.828024864E+01 6.533435822E+01
 2.750550842E+01 6.554102325E+01
 2.672722626E+01 6.573415375E+01
 2.594894218E+01 6.592729187E+01
 2.517066002E+01 6.612042999E+01
 2.438861847E+01 6.629747772E+01
 2.360534859E+01 6.646927643E+01
 2.282207870E+01 6.664106750E+01
 2.203831673E+01 6.681045532E+01
 2.125041008E+01 6.695954132E+01
 2.046250343E+01 6.710863495E+01
 1.967459679E+01 6.725772858E+01
 1.888519478E+01 6.739819336E+01
 1.809310913E+01 6.752320862E+01
 1.730102539E+01 6.764821625E+01
 1.650894165E+01 6.777323151E+01
 1.571501064E+01 6.788519287E+01
 1.491933727E+01 6.798483276E+01
 1.412366295E+01 6.808448029E+01
 1.332798958E+01 6.818412018E+01
 1.253066444E+01 6.826851654E+01
 1.173210812E+01 6.834154510E+01
 1.093355179E+01 6.841456604E+01
 1.013499546E+01 6.848759460E+01
 9.335383415E+00 6.854634094E+01
 8.534768105E+00 6.859150696E+01
 7.734152317E+00 6.863667297E+01
 6.933536530E+00 6.868183899E+01
 6.132574558E+00 6.871796417E+01
 5.330850601E+00 6.873423004E+01
 4.529127121E+00 6.875048828E+01
 3.727403641E+00 6.876675415E+01
 1.392982330E+02 1.175668259E+02
 1.392976990E+02 1.167668915E+02
 1.392971497E+02 1.159669571E+02
 1.392966156E+02 1.151670303E+02
 1.392960663E+02 1.143670959E+02
 1.392955170E+02 1.135671692E+02
 1.392949829E+02 1.127672348E+02
 1.392944336E+02 1.119673004E+02
 1.392938995E+02 1.111673737E+02
 1.392933502E+02 1.103674393E+02
 1.392928009E+02 1.095675049E+02
 1.392922668E+02 1.087675781E+02
 1.392917175E+02 1.079676437E+02
 1.392911835E+02 1.071677170E+02
 1.392906342E+02 1.063677826E+02
 1.392900848E+02 1.055678482E+02
 1.392895508E+02 1.047679214E+02
 1.392890015E+02 1.039679871E+02
 1.392884674E+02 1.031680603E+02
 1.392879181E+02 1.023681259E+02
 1.392873840E+02 1.015681915E+02
 1.392868347E+02 1.007682648E+02
 1.392862854E+02 9.996833038E+01
 1.392857513E+02 9.916839600E+01
 1.392852020E+02 9.836846924E+01
 1.392846680E+02 9.756853485E+01
 1.392841187E+02 9.676860809E+01
 1.392835693E+02 9.596867371E+01
 1.392830353E+02 9.516873932E+01
 1.392824860E+02 9.436881256E+01
 1.392819519E+02 9.356887817E+01
 1.392814026E+02 9.276894379E+01
 1.392808533E+02 9.196901703E+01
 1.392803192E+02 9.116908264E+01
 1.392797699E+02 9.036915588E+01
 1.392792358E+02 8.956922150E+01
 1.392786865E+02 8.876928711E+01
 1.392781525E+02 8.796936035E+01
 1.392776031E+02 8.716942596E+01
 1.392770538E+02 8.636949158E+01
 1.392765198E+02 8.556956482E+01
 1.392759705E+02 8.476963043E+01
 1.392754364E+02 8.396970367E+01
 1.392748871E+02 8.316976929E+01
 1.392743378E+02 8.236983490E+01
 1.392738037E+02 8.156990814E+01
 1.392732544E+02 8.076997375E+01
 1.392727203E+02 7.997003937E+01
 1.392721710E+02 7.917011261E+01
 1.392716217E+02 7.837017822E+01
 1.392710876E+02 7.757025146E+01
 1.392705383E+02 7.677031708E+01
 1.392700043E+02 7.597038269E+01
 1.392694550E+02 7.517045593E+01
 1.392689056E+02 7.437052155E+01
 1.392683716E+02 7.357058716E+01
 1.392678223E+02 7.277066040E+01
 1.392672882E+02 7.197072601E+01
 1.392667389E+02 7.117079926E+01
 1.392662048E+02 7.037086487E+01
 1.392656555E+02 6.957093048E+01
 1.392651062E+02 6.877100372E+01
 1.392645721E+02 6.797106934E+01
 1.392640228E+02 6.717114258E+01
 1.392634888E+02 6.637120819E+01
 1.392629395E+02 6.557127380E+01
 1.392623901E+02 6.477134705E+01
 1.392618561E+02 6.397141266E+01
 1.392613068E+02 6.317148209E+01
 1.392607727E+02 6.237155151E+01
 1.392602234E+02 6.157161713E+01
 1.392596741E+02 6.077168655E+01
 1.392591400E+02 5.997175598E+01
 1.392585907E+02 5.917182541E+01
 1.392580566E+02 5.837189102E+01
 1.392575073E+02 5.757196045E+01
 1.392569733E+02 5.677202988E+01
 1.392564240E+02 5.597209930E+01
 1.392558746E+02 5.517216492E+01
 1.392553406E+02 5.437223434E+01
 1.392547913E+02 5.357230377E+01
 1.392542572E+02 5.277237320E+01
 1.392537079E+02 5.197243881E+01
 1.392531586E+02 5.117250824E+01
 1.392526245E+02 5.037257767E+01
 1.392520752E+02 4.957264709E+01
 1.392515411E+02 4.877271271E+01
 1.392509918E+02 4.797278214E+01
 1.392504425E+02 4.717285156E+01
 1.392499084E+02 4.637292099E+01
 1.392493591E+02 4.557298660E+01
 1.392488251E+02 4.477305603E+01
 1.392482758E+02 4.397312546E+01
 1.392477264E+02 4.317319489E+01
 1.392471924E+02 4.237326050E+01
 1.392466431E+02 4.157332993E+01
 1.392461090E+02 4.077339935E+01
 1.392455597E+02 3.997346878E+01
 1.392450256E+02 3.917353821E+01
 1.392444763E+02 3.837360382E+01
 1.392439270E+02 3.757367325E+01
 1.392433929E+02 3.677374268E+01
 1.392428436E+02 3.597381210E+01
 1.392423096E+02 3.517387772E+01
 1.392354736E+02 3.438085938E+01
 1.384390564E+02 3.445578003E+01
 1.376426392E+02 3.453070068E+01
 1.368462219E+02 3.460562134E+01
 1.360498047E+02 3.468054199E+01
 1.352534027E+02 3.475546265E+01
 1.344569855E+02 3.483038330E+01
 1.336605682E+02 3.490530396E+01
 1.328641510E+02 3.498022461E+01
 1.320677338E+02 3.505514526E+01
 1.312713165E+02 3.513006592E+01
 1.304748993E+02 3.520498657E+01
 1.296784821E+02 3.527990723E+01
 1.288820648E+02 3.535482788E+01
 1.280856628E+02 3.542974854E+01
 1.272892380E+02 3.550466919E+01
 1.264928284E+02 3.557958984E+01
 1.256964111E+02 3.565451050E+01
 1.248999939E+02 3.572943115E+01
 1.241035767E+02 3.580435181E+01
 1.233599854E+02 3.592736053E+01
 1.233599854E+02 3.672729111E+01
 1.233599854E+02 3.752722549E+01
 1.233599854E+02 3.832715607E+01
 1.237840576E+02 3.874749374E+01
 1.245791016E+02 3.883576202E+01
 1.253741531E+02 3.892403412E+01
 1.261691971E+02 3.901230240E+01
 1.269642487E+02 3.910057068E+01
 1.277592926E+02 3.918883896E+01
 1.285543365E+02 3.927710724E+01
 1.293493805E+02 3.936537933E+01
 1.301444244E+02 3.945364761E+01
 1.309394836E+02 3.954191589E+01
 1.317345276E+02 3.963018417E+01
 1.325295715E+02 3.971845627E+01
 1.333246155E+02 3.980672455E+01
 1.333716431E+02 4.055998230E+01
 1.333661804E+02 4.135989761E+01
 1.333607178E+02 4.215980911E+01
 1.333552551E+02 4.295972443E+01
 1.333497925E+02 4.375963593E+01
 1.333443298E+02 4.455954742E+01
 1.333388672E+02 4.535946274E+01
 1.333334198E+02 4.615937424E+01
 1.333279572E+02 4.695928955E+01
 1.333224945E+02 4.775920105E+01
 1.333170319E+02 4.855911255E+01
 1.333115692E+02 4.935902786E+01
 1.333061066E+02 5.015893936E+01
 1.333006592E+02 5.095885468E+01
 1.326182251E+02 5.112976074E+01
 1.318208618E+02 5.119388199E+01
 1.310235138E+02 5.125800705E+01
 1.302261505E+02 5.132212830E+01
 1.294287872E+02 5.138625336E+01
 1.286314392E+02 5.145037460E+01
 1.278340759E+02 5.151449966E+01
 1.270367203E+02 5.157862091E+01
 1.262393646E+02 5.164274597E+01
 1.254420013E+02 5.170686722E+01
 1.246446457E+02 5.177098846E+01
 1.238472900E+02 5.183511353E+01
 1.233599854E+02 5.218535995E+01
 1.233599854E+02 5.298529053E+01
 1.233599854E+02 5.378522110E+01
 1.233599854E+02 5.458515549E+01
 1.240404816E+02 5.477596283E+01
 1.248355255E+02 5.486423111E+01
 1.256305771E+02 5.495249939E+01
 1.264256210E+02 5.504077148E+01
 1.272206650E+02 5.512903976E+01
 1.280157166E+02 5.521730804E+01
 1.288107605E+02 5.530557632E+01
 1.296058044E+02 5.539384460E+01
 1.304008484E+02 5.548211670E+01
 1.311959076E+02 5.557038498E+01
 1.319909515E+02 5.565865326E+01
 1.327859955E+02 5.574692154E+01
 1.333753357E+02 5.601806259E+01
 1.333698730E+02 5.681797409E+01
 1.333644104E+02 5.761788940E+01
 1.333589478E+02 5.841780090E+01
 1.333535004E+02 5.921771622E+01
 1.333480377E+02 6.001762772E+01
 1.333425751E+02 6.081753922E+01
 1.333371124E+02 6.161745453E+01
 1.333316498E+02 6.241736603E+01
 1.333261871E+02 6.321728134E+01
 1.333207397E+02 6.401719666E+01
 1.333152771E+02 6.481710815E+01
 1.333098145E+02 6.561701965E+01
 1.333043518E+02 6.641693115E+01
 1.331584167E+02 6.708631897E+01
 1.323610535E+02 6.715044403E+01
 1.315636902E+02 6.721456909E+01
 1.307663422E+02 6.727868652E+01
 1.299689789E+02 6.734281158E+01
 1.291716309E+02 6.740693665E+01
 1.283742676E+02 6.747106171E+01
 1.275769119E+02 6.753517914E+01
 1.267795563E+02 6.759930420E+01
 1.259821930E+02 6.766342926E+01
 1.251848373E+02 6.772754669E+01
 1.243874817E+02 6.779167175E+01
 1.235901260E+02 6.785579681E+01
 1.233599854E+02 6.844335938E+01
 1.233599854E+02 6.924328613E+01
 1.233599854E+02 7.004322052E+01
 1.235018539E+02 7.071616364E+01
 1.242969055E+02 7.080443573E+01
 1.250919495E+02 7.089270020E+01
 1.258869934E+02 7.098097229E+01
 1.266820450E+02 7.106923676E+01
 1.274770889E+02 7.115750885E+01
 1.282721405E+02 7.124578094E+01
 1.290671844E+02 7.133404541E+01
 1.298622284E+02 7.142231750E+01
 1.306572723E+02 7.151058197E+01
 1.314523163E+02 7.159885406E+01
 1.322473755E+02 7.168712616E+01
 1.330424194E+02 7.177539062E+01
 1.333735809E+02 7.227605438E+01
 1.333681183E+02 7.307596588E+01
 1.333626556E+02 7.387588501E+01
 1.333571930E+02 7.467579651E+01
 1.333517303E+02 7.547570801E+01
 1.333462677E+02 7.627561951E+01
 1.333408051E+02 7.707553101E+01
 1.333353577E+02 7.787545013E+01
 1.333298950E+02 7.867536163E+01
 1.333244324E+02 7.947527313E+01
 1.333189697E+02 8.027518463E+01
 1.333135071E+02 8.107509613E+01
 1.333080444E+02 8.187501526E+01
 1.333025970E+02 8.267492676E+01
 1.329012451E+02 8.310700226E+01
 1.321038818E+02 8.317112732E+01
 1.313065338E+02 8.323524475E+01
 1.305091705E+02 8.329936981E+01
 1.297118073E+02 8.336349487E+01
 1.289144592E+02 8.342761993E+01
 1.281170959E+02 8.349173737E+01
 1.273197403E+02 8.355586243E+01
 1.265223846E+02 8.361998749E+01
 1.257250290E+02 8.368411255E+01
 1.249276657E+02 8.374822998E+01
 1.241303101E+02 8.381235504E+01
 1.233599854E+02 8.390142822E+01
 1.233599854E+02 8.470135498E+01
 1.233599854E+02 8.550128937E+01
 1.233599854E+02 8.630122375E+01
 1.237582779E+02 8.674463654E+01
 1.245533295E+02 8.683290100E+01
 1.253483734E+02 8.692117310E+01
 1.261434174E+02 8.700943756E+01
 1.269384689E+02 8.709770966E+01
 1.277335129E+02 8.718598175E+01
 1.285285645E+02 8.727424622E+01
 1.293236084E+02 8.736251831E+01
 1.301186523E+02 8.745079041E+01
 1.309136963E+02 8.753905487E+01
 1.317087402E+02 8.762732697E+01
 1.325037994E+02 8.771559143E+01
 1.332988434E+02 8.780386353E+01
 1.333767395E+02 8.853406525E+01
 1.333767395E+02 8.933399963E+01
 1.333767395E+02 9.013393402E+01
 1.333767395E+02 9.093386078E+01
 1.333767395E+02 9.173379517E+01
 1.333767395E+02 9.253372192E+01
 1.333767395E+02 9.333365631E+01
 1.333767395E+02 9.413359070E+01
 1.333767395E+02 9.493351746E+01
 1.333767395E+02 9.573345184E+01
 1.333767395E+02 9.653338623E+01
 1.333767395E+02 9.733331299E+01
 1.333767395E+02 9.813324738E+01
 1.333767242E+02 9.893318176E+01
 1.333767242E+02 9.973310852E+01
 1.333767242E+02 1.005330429E+02
 1.333767242E+02 1.013329773E+02
 1.333767242E+02 1.021329041E+02
 1.333767242E+02 1.029328384E+02
 1.333767242E+02 1.037327728E+02
 1.333767242E+02 1.045326996E+02
 1.333767242E+02 1.053326340E+02
 1.333767242E+02 1.061325607E+02
 1.333767242E+02 1.069324951E+02
 1.333767242E+02 1.077324295E+02
 1.333767242E+02 1.085323563E+02
 1.333767242E+02 1.093322906E+02
 1.333767242E+02 1.101322250E+02
 1.333767242E+02 1.109321518E+02
 1.333767242E+02 1.117320862E+02
 1.333767242E+02 1.125320206E+02
 1.333767242E+02 1.133319473E+02
 1.333767242E+02 1.141318817E+02
 1.333767242E+02 1.149318161E+02
 1.333767242E+02 1.157317429E+02
 1.333767242E+02 1.165316772E+02
 1.333767242E+02 1.173316040E+02
 1.333767242E+02 1.181315384E+02
 1.333767242E+02 1.189314728E+02
 1.333767242E+02 1.197313995E+02
 1.326871338E+02 1.200105591E+02
 1.319177399E+02 1.202294312E+02
 1.311487122E+02 1.204496231E+02
 1.303836975E+02 1.206833725E+02
 1.296186829E+02 1.209171219E+02
 1.288546600E+02 1.211540375E+02
 1.280942688E+02 1.214024048E+02
 1.273338699E+02 1.216507721E+02
 1.265747604E+02 1.219029541E+02
 1.258191910E+02 1.221656418E+02
 1.250636215E+02 1.224283295E+02
 1.243092575E+02 1.226943893E+02
 1.235586777E+02 1.229710236E+02
 1.228081055E+02 1.232476578E+02
 1.220582352E+02 1.235261612E+02
 1.213127747E+02 1.238162918E+02
 1.205673141E+02 1.241064224E+02
 1.198218460E+02 1.243965530E+02
 1.190813828E+02 1.246992035E+02
 1.183410873E+02 1.250022812E+02
 1.176007996E+02 1.253053589E+02
 1.168642960E+02 1.256174774E+02
 1.161291580E+02 1.259328690E+02
 1.153940277E+02 1.262482605E+02
 1.146611938E+02 1.265688858E+02
 1.139311523E+02 1.268958893E+02
 1.132011108E+02 1.272228928E+02
 1.124716568E+02 1.275511856E+02
 1.117465897E+02 1.278890762E+02
 1.110215225E+02 1.282269592E+02
 1.102964554E+02 1.285648346E+02
 1.095749207E+02 1.289101868E+02
 1.088546371E+02 1.292581482E+02
 1.081343460E+02 1.296061096E+02
 1.074155884E+02 1.299571838E+02
 1.066998215E+02 1.303143463E+02
 1.059840469E+02 1.306714935E+02
 1.052682800E+02 1.310286560E+02
 1.045564651E+02 1.313936310E+02
 1.038448868E+02 1.317590790E+02
 1.031333084E+02 1.321245270E+02
 1.024238892E+02 1.324941101E+02
 1.017161560E+02 1.328669434E+02
 1.010084305E+02 1.332397919E+02
 1.003013382E+02 1.336138306E+02
 9.959709167E+01 1.339932098E+02
 9.889284515E+01 1.343725891E+02
 9.818859863E+01 1.347519531E+02
 9.748686981E+01 1.351359711E+02
 9.678572845E+01 1.355210571E+02
 9.608459473E+01 1.359061432E+02
 9.538461304E+01 1.362933350E+02
 9.468619537E+01 1.366833344E+02
 9.398777771E+01 1.370733490E+02
 9.328942108E+01 1.374634552E+02
 9.259332275E+01 1.378575897E+02
 9.189723206E+01 1.382517242E+02
 9.120114136E+01 1.386458588E+02
 9.050618744E+01 1.390420074E+02
 8.981199646E+01 1.394394836E+02
 8.911780548E+01 1.398369598E+02
 8.842383575E+01 1.402348328E+02
 8.773111725E+01 1.406348724E+02
 8.703839111E+01 1.410348969E+02
 8.634567261E+01 1.414349365E+02
 8.565363312E+01 1.418361359E+02
 8.496192169E+01 1.422379303E+02
 8.427021790E+01 1.426397247E+02
 8.357859039E+01 1.430416412E+02
 8.288742828E+01 1.434443665E+02
 8.219627380E+01 1.438470917E+02
 8.150511169E+01 1.442498322E+02
 8.081398010E+01 1.446526031E+02
 8.012287140E+01 1.450554047E+02
 7.943175507E+01 1.454582214E+02
 7.874064636E+01 1.458610229E+02
 7.804910278E+01 1.462631073E+02
 7.735752106E+01 1.466651001E+02
 7.666593170E+01 1.470670929E+02
 7.597414398E+01 1.474687347E+02
 7.528153992E+01 1.478689728E+02
 7.458893585E+01 1.482692108E+02
 7.389633179E+01 1.486694336E+02
 7.320304108E+01 1.490684814E+02
 7.250885010E+01 1.494659729E+02
 7.181466675E+01 1.498634644E+02
 7.112048340E+01 1.502609558E+02
 7.042493439E+01 1.506560516E+02
 6.972862244E+01 1.510498047E+02
 6.903231049E+01 1.514435577E+02
 6.833599854E+01 1.518373108E+02
 6.763742828E+01 1.522270203E+02
 6.693849945E+01 1.526161194E+02
 6.623957062E+01 1.530052032E+02
 6.554010010E+01 1.533933105E+02
 6.483815765E+01 1.537769318E+02
 6.413621521E+01 1.541605530E+02
 6.343427277E+01 1.545441895E+02
 6.273022461E+01 1.549239197E+02
 6.202494431E+01 1.553013611E+02
 6.131966782E+01 1.556788177E+02
 6.061362076E+01 1.560548248E+02
 5.990474701E+01 1.564254913E+02
 5.919587326E+01 1.567961426E+02
 5.848699951E+01 1.571668091E+02
 5.777462769E+01 1.575306854E+02
 5.706195450E+01 1.578939972E+02
 5.634928131E+01 1.582572937E+02
 5.563364792E+01 1.586147003E+02
 5.491702271E+01 1.589701538E+02
 5.420039368E+01 1.593255920E+02
 5.348096466E+01 1.596752930E+02
 5.276026917E+01 1.600224152E+02
 5.203957367E+01 1.603695221E+02
 5.131585312E+01 1.607102509E+02
 5.059100723E+01 1.610486145E+02
 4.986616516E+01 1.613869934E+02
 4.913769150E+01 1.617174530E+02
 4.840865326E+01 1.620466766E+02
 4.767923355E+01 1.623750458E+02
 4.694598389E+01 1.626948090E+02
 4.621273804E+01 1.630145569E+02
 4.547780991E+01 1.633303833E+02
 4.474036789E+01 1.636403198E+02
 4.400292206E+01 1.639502716E+02
 4.326220703E+01 1.642522736E+02
 4.252059174E+01 1.645521088E+02
 4.177800751E+01 1.648494873E+02
 4.103226471E+01 1.651389160E+02
 4.028652573E+01 1.654283295E+02
 3.953775787E+01 1.657097778E+02
 3.878796005E+01 1.659885101E+02
 3.803691101E+01 1.662638092E+02
 3.728313828E+01 1.665316010E+02
 3.652936172E+01 1.667993927E+02
 3.577195740E+01 1.670567322E+02
 3.501429749E+01 1.673133240E+02
 3.425437927E+01 1.675630798E+02
 3.349293518E+01 1.678082275E+02
 3.273041534E+01 1.680499420E+02
 3.196529961E+01 1.682833557E+02
 3.120009995E+01 1.685165100E+02
 3.043144226E+01 1.687379913E+02
 2.966278648E+01 1.689594879E+02
 2.889145279E+01 1.691714020E+02
 2.811940384E+01 1.693807678E+02
 2.734544945E+01 1.695828705E+02
 2.657017326E+01 1.697799377E+02
 2.579359627E+01 1.699717102E+02
 2.501525307E+01 1.701563110E+02
 2.423611069E+01 1.703373871E+02
 2.345486259E+01 1.705092773E+02
 2.267324829E+01 1.706794128E+02
 2.188926125E+01 1.708383331E+02
