# 936
 -8.136377335E+000 1.032880116E+001
 -8.361840248E+000 1.037465763E+001
 -8.361923218E+000 1.016266155E+001
 6.747919083E+000 3.728389978E+000
 6.412347794E+000 3.795844316E+000
 6.412143707E+000 3.495729208E+000
 7.919214725E+000 -9.434370995E+000
 8.203829765E+000 -9.456727028E+000
 8.203829765E+000 -9.173024178E+000
 -1.039159775E+001 1.059490013E+001
 -1.063428974E+001 1.059787750E+001
 -1.063428974E+001 1.034780502E+001
 -1.063428974E+001 -1.898845315E+000
 -1.063428974E+001 -2.402122736E+000
 -1.013736820E+001 -2.413565159E+000
 8.203829765E+000 3.168357611E+000
 8.203829765E+000 3.543272495E+000
 7.817301750E+000 3.575271606E+000
 5.662950039E+000 -2.684172392E+000
 5.662482262E+000 -2.615631819E+000
 5.597583294E+000 -2.610412598E+000
 5.662963867E+000 -4.686179161E+000
 5.662482262E+000 -4.615632057E+000
 5.597698212E+000 -4.610422134E+000
 5.662926674E+000 -6.806861162E-001
 5.662482262E+000 -6.156319380E-001
 5.598331928E+000 -6.104729772E-001
 5.601556778E+000 -2.031267166E+000
 5.672092438E+000 -2.023436069E+000
 5.671649456E+000 -1.958569765E+000
 5.611700058E+000 -6.030141354E+000
 5.672092438E+000 -6.023436069E+000
 5.671675682E+000 -5.962386131E+000
 5.608696938E+000 -4.030474663E+000
 5.672092438E+000 -4.023436069E+000
 5.671657085E+000 -3.959634781E+000
 -9.000157356E+000 1.048145676E+001
 -9.224875450E+000 1.051089096E+001
 -9.000283241E+000 1.025823498E+001
 5.613839626E+000 -2.990339883E-002
 5.672092438E+000 -2.343595028E-002
 5.672092438E+000 4.246553779E-002
 -9.001519203E+000 8.071621895E+000
 -9.001488686E+000 8.124991417E+000
 -9.053431511E+000 8.061396599E+000
 5.672089577E+000 3.976799965E+000
 5.371685982E+000 4.062610149E+000
 5.672089577E+000 3.658988476E+000
 6.411952019E+000 3.213176966E+000
 7.092984676E+000 3.668650627E+000
 6.411771774E+000 2.947646141E+000
 7.448335648E+000 3.617402077E+000
 6.411602497E+000 2.698030233E+000
 -8.362001419E+000 9.963238716E+000
 -7.910492897E+000 1.027864552E+001
 -8.362074852E+000 9.775489807E+000
 -7.684322357E+000 1.022423840E+001
 -8.362144470E+000 9.598741531E+000
 -7.455637932E+000 1.016500854E+001
 -8.362209320E+000 9.432453156E+000
 -7.222213745E+000 1.010022640E+001
 -8.362271309E+000 9.276212692E+000
 -8.362328529E+000 9.129513741E+000
 -6.984199524E+000 1.002973366E+001
 -8.362381935E+000 8.991786957E+000
 -6.741746902E+000 9.953392982E+000
 -8.362433434E+000 8.862519264E+000
 -8.362480164E+000 8.741113663E+000
 -6.495002270E+000 9.871088028E+000
 -8.362524986E+000 8.627169609E+000
 -8.362566948E+000 8.520074844E+000
 -6.243134499E+000 9.782373428E+000
 -8.362606049E+000 8.419654846E+000
 -8.362643242E+000 8.325634003E+000
 -8.362677574E+000 8.237607002E+000
 -5.984416962E+000 9.686420441E+000
 -8.362709999E+000 8.155190468E+000
 -8.362741470E+000 8.075004578E+000
 -8.362772942E+000 7.995839119E+000
 -5.717871189E+000 9.582590103E+000
 -8.362802505E+000 7.919371128E+000
 -8.362831116E+000 7.845507145E+000
 -8.362859726E+000 7.774158955E+000
 -5.442780018E+000 9.470304489E+000
 -8.362886429E+000 7.705240250E+000
 -8.362912178E+000 7.638667583E+000
 -5.158017159E+000 9.348786354E+000
 -4.862003803E+000 9.217012405E+000
 -4.553165913E+000 9.073899269E+000
 8.203829765E+000 -8.905747414E+000
 7.646621704E+000 -9.406644821E+000
 8.203829765E+000 -8.653220177E+000
 7.383034229E+000 -9.373964310E+000
 8.203829765E+000 -8.414382935E+000
 7.127937317E+000 -9.336853027E+000
 8.203829765E+000 -8.187392235E+000
 6.881587982E+000 -9.295913696E+000
 6.644183159E+000 -9.251739502E+000
 8.203829765E+000 -7.970552921E+000
 6.413943768E+000 -9.204498291E+000
 8.203829765E+000 -7.763301373E+000
 8.203829765E+000 -7.563886642E+000
 6.188098431E+000 -9.153977394E+000
 8.203829765E+000 -7.370240211E+000
 5.965753555E+000 -9.100228310E+000
 8.203829765E+000 -7.181651592E+000
 5.747154713E+000 -9.043539047E+000
 8.203829765E+000 -6.997749329E+000
 5.532516956E+000 -8.984206200E+000
 5.322023392E+000 -8.922528267E+000
 8.203829765E+000 -6.815937996E+000
 8.203829765E+000 -6.633852959E+000
 5.115665436E+000 -8.858749390E+000
 8.203829765E+000 -6.451493263E+000
 4.913341045E+000 -8.793078423E+000
 8.203829765E+000 -6.268118382E+000
 4.715084076E+000 -8.725758553E+000
 8.203829765E+000 -6.081185341E+000
 4.520969868E+000 -8.657045364E+000
 4.331053734E+000 -8.587185860E+000
 8.203829765E+000 -5.888787270E+000
 8.203829765E+000 -5.690764427E+000
 4.145368576E+000 -8.516412735E+000
 6.405220509E+000 -6.702466488E+000
 6.348366261E+000 -6.697118282E+000
 3.963890553E+000 -8.444931030E+000
 6.405259609E+000 -6.645090580E+000
 6.405299664E+000 -6.586289883E+000
 6.405341625E+000 -6.524110794E+000
 6.405386448E+000 -6.458358288E+000
 6.405433655E+000 -6.388827801E+000
 6.405483246E+000 -6.315322399E+000
 6.405536175E+000 -6.237883091E+000
 6.405591011E+000 -6.156545162E+000
 6.405649185E+000 -6.071111202E+000
 6.405710220E+000 -5.981374264E+000
 6.405774117E+000 -5.887116909E+000
 6.405841351E+000 -5.788110733E+000
 6.405911922E+000 -5.684114456E+000
 6.405986309E+000 -5.574240208E+000
 8.203829765E+000 -5.486028194E+000
 6.406063080E+000 -5.461237907E+000
 6.292376518E+000 -6.691851139E+000
 3.784285784E+000 -8.371985435E+000
 6.237260818E+000 -6.686666012E+000
 6.183026314E+000 -6.681564331E+000
 6.129680157E+000 -6.676546097E+000
 6.077227592E+000 -6.671611309E+000
 6.025602341E+000 -6.666755199E+000
 5.974519730E+000 -6.661949635E+000
 5.923753262E+000 -6.657173634E+000
 5.873056412E+000 -6.652404785E+000
 5.822083473E+000 -6.647609711E+000
 5.770736694E+000 -6.642779350E+000
 5.719030857E+000 -6.637915134E+000
 5.666979313E+000 -6.633018494E+000
 5.614597321E+000 -6.628090858E+000
 5.561900616E+000 -6.623133659E+000
 5.508904457E+000 -6.618147850E+000
 5.455625057E+000 -6.613135815E+000
 5.401986599E+000 -6.608089924E+000
 5.348033428E+000 -6.603014469E+000
 5.293729782E+000 -6.597906113E+000
 5.231554508E+000 -6.592057228E+000
 5.161727428E+000 -6.585488319E+000
 5.092032909E+000 -6.578931808E+000
 5.022459030E+000 -6.572386742E+000
 4.952984333E+000 -6.565851212E+000
 4.883585930E+000 -6.559322834E+000
 4.814249039E+000 -6.552800179E+000
 4.744976997E+000 -6.546283722E+000
 4.675797462E+000 -6.539775848E+000
 4.611297607E+000 -6.533708096E+000
 4.550152779E+000 -6.527956009E+000
 4.486427307E+000 -6.521961212E+000
 4.419998646E+000 -6.515712261E+000
 3.604020834E+000 -8.296620369E+000
 6.406139851E+000 -5.348484039E+000
 8.203829765E+000 -5.272966385E+000
 6.406216145E+000 -5.235978127E+000
 6.406292439E+000 -5.123718739E+000
 8.203829765E+000 -5.050844193E+000
 6.406368256E+000 -5.011705875E+000
 6.406442642E+000 -4.902096748E+000
 8.203829765E+000 -4.821490288E+000
 6.406515598E+000 -4.795031071E+000
 6.406587601E+000 -4.688509941E+000
 8.203829765E+000 -4.589045525E+000
 6.406659603E+000 -4.582530975E+000
 6.406731129E+000 -4.477090836E+000
 6.406802654E+000 -4.372187614E+000
 8.203829765E+000 -4.355460644E+000
 6.406873226E+000 -4.267817497E+000
 6.406944275E+000 -4.163226604E+000
 8.203829765E+000 -4.120828152E+000
 6.407016277E+000 -4.057547569E+000
 6.407088757E+000 -3.950662613E+000
 8.203829765E+000 -3.885319471E+000
 6.407162189E+000 -3.842557430E+000
 6.407236099E+000 -3.733219147E+000
 8.203829765E+000 -3.649005651E+000
 6.407311440E+000 -3.622633457E+000
 6.407388210E+000 -3.509358168E+000
 8.203829765E+000 -3.412304640E+000
 6.407466412E+000 -3.394543171E+000
 6.407543659E+000 -3.280721903E+000
 8.203829765E+000 -3.175865412E+000
 6.407619953E+000 -3.167885542E+000
 6.407696247E+000 -3.056025267E+000
 6.407771111E+000 -2.945132494E+000
 8.203829765E+000 -2.939915180E+000
 6.407844543E+000 -2.837246418E+000
 6.407916069E+000 -2.732105255E+000
 8.203829765E+000 -2.704441309E+000
 6.407987118E+000 -2.627419233E+000
 6.408057690E+000 -2.523186445E+000
 8.203829765E+000 -2.469426870E+000
 6.408128262E+000 -2.419405222E+000
 6.408198357E+000 -2.316072702E+000
 8.203829765E+000 -2.234867096E+000
 6.408268452E+000 -2.213187695E+000
 6.408338547E+000 -2.109898806E+000
 6.408409595E+000 -2.005043745E+000
 8.203829765E+000 -2.000072002E+000
 6.408482075E+000 -1.898297429E+000
 6.408555984E+000 -1.789626360E+000
 8.203829765E+000 -1.764169812E+000
 6.408630848E+000 -1.678996325E+000
 6.408707142E+000 -1.566372275E+000
 8.203829765E+000 -1.526976466E+000
 6.408785820E+000 -1.450595975E+000
 6.408865452E+000 -1.333603263E+000
 8.203829765E+000 -1.289491534E+000
 6.408943653E+000 -1.218361259E+000
 6.409020424E+000 -1.104843616E+000
 8.203829765E+000 -1.052860498E+000
 6.409096718E+000 -9.930240512E-001
 6.409171581E+000 -8.828769326E-001
 8.203829765E+000 -8.172214627E-001
 6.409243584E+000 -7.763245106E-001
 6.409314156E+000 -6.727117300E-001
 8.203829765E+000 -5.822815895E-001
 6.409384251E+000 -5.694536567E-001
 6.409453869E+000 -4.665490091E-001
 6.409523487E+000 -3.639964461E-001
 8.203829765E+000 -3.477399945E-001
 6.409593105E+000 -2.617946863E-001
 6.409662247E+000 -1.599424630E-001
 8.203829765E+000 -1.135598347E-001
 6.409731388E+000 -5.760813132E-002
 6.409802437E+000 4.663460702E-002
 8.203829765E+000 1.213272214E-001
 6.409874916E+000 1.534095258E-001
 6.409949303E+000 2.627775967E-001
 8.203829765E+000 3.579804897E-001
 6.410025120E+000 3.748011887E-001
 6.410102844E+000 4.895441830E-001
 8.203829765E+000 5.966488719E-001
 6.410184383E+000 6.093771458E-001
 6.410270214E+000 7.360898256E-001
 8.203829765E+000 8.396352530E-001
 6.410360813E+000 8.694199324E-001
 6.410456181E+000 1.009670854E+000
 8.203829765E+000 1.089115739E+000
 6.410556316E+000 1.157157183E+000
 6.410661697E+000 1.312465072E+000
 8.203829765E+000 1.345847845E+000
 6.410773277E+000 1.477123260E+000
 8.203829765E+000 1.611955881E+000
 6.410892010E+000 1.651842237E+000
 6.411017895E+000 1.837084770E+000
 8.203829765E+000 1.889095187E+000
 6.411150932E+000 2.033466578E+000
 8.203829765E+000 2.180918455E+000
 6.411292553E+000 2.241871834E+000
 8.203829765E+000 2.490331173E+000
 6.411442757E+000 2.463131666E+000
 8.203829765E+000 2.818205357E+000
 3.422753334E+000 -8.218717575E+000
 3.240154266E+000 -8.138152122E+000
 3.055865049E+000 -8.054778099E+000
 2.869494200E+000 -7.968420029E+000
 2.680612087E+000 -7.878877640E+000
 2.487280607E+000 -7.785201073E+000
 2.287267447E+000 -7.686223030E+000
 4.419998646E+000 -6.457073212E+000
 4.419998646E+000 -6.398262501E+000
 4.419998646E+000 -6.339283466E+000
 2.079205275E+000 -7.581141949E+000
 4.419998646E+000 -6.280205250E+000
 4.419998646E+000 -6.221246243E+000
 4.419998646E+000 -6.162448406E+000
 1.861823440E+000 -7.469171047E+000
 1.634368777E+000 -7.349773884E+000
 1.395984530E+000 -7.222361088E+000
 -4.230547428E+000 8.918620110E+000
 1.145551443E+000 -7.086211205E+000
 -1.015312386E+001 1.058711910E+001
 -1.063428974E+001 1.011425209E+001
 -9.917130470E+000 1.057467079E+001
 -1.063428974E+001 9.895825386E+000
 -9.683904648E+000 1.055772495E+001
 -1.063428974E+001 9.691383362E+000
 -9.452980995E+000 1.053639793E+001
 -1.063428974E+001 9.499912262E+000
 -1.063428974E+001 9.320056915E+000
 -1.063428974E+001 9.150684357E+000
 -1.063428974E+001 8.991181374E+000
 -1.063428974E+001 8.840913773E+000
 -1.063428974E+001 8.698121071E+000
 -1.063428974E+001 8.561225891E+000
 -9.000507355E+000 9.861962318E+000
 -9.000399590E+000 1.005219078E+001
 -9.000606537E+000 9.686313629E+000
 -9.000698090E+000 9.524052620E+000
 -9.000782967E+000 9.374082565E+000
 -9.000861168E+000 9.235203743E+000
 -9.000933647E+000 9.106767654E+000
 -9.001001358E+000 8.987928391E+000
 -9.001063347E+000 8.877720833E+000
 -9.001121521E+000 8.775354385E+000
 -9.001174927E+000 8.680253983E+000
 -9.001225471E+000 8.591899872E+000
 -9.001271248E+000 8.509813309E+000
 -9.001314163E+000 8.433549881E+000
 -1.063428974E+001 8.429985046E+000
 -9.001354218E+000 8.362694740E+000
 -1.063428974E+001 8.304164886E+000
 -9.001391411E+000 8.296866417E+000
 -9.001426697E+000 8.235707283E+000
 -1.063428974E+001 8.183542252E+000
 -9.001458168E+000 8.178885460E+000
 -1.063428974E+001 8.066078186E+000
 -1.063428974E+001 7.949337482E+000
 -1.063428974E+001 7.832702637E+000
 -1.063428974E+001 7.716175079E+000
 -9.715893745E+000 7.930912018E+000
 -9.657083511E+000 7.942495346E+000
 -9.600036621E+000 7.953732014E+000
 -9.543742180E+000 7.964820385E+000
 -9.487779617E+000 7.975842953E+000
 -9.432128906E+000 7.986804962E+000
 -9.376789093E+000 7.997704983E+000
 -9.321782112E+000 8.008539200E+000
 -9.267145157E+000 8.019301414E+000
 -9.212927818E+000 8.029980659E+000
 -9.159191132E+000 8.040565491E+000
 -9.106007576E+000 8.051040649E+000
 -9.718591690E+000 7.871552467E+000
 -9.721294403E+000 7.812090397E+000
 -9.724002838E+000 7.752488136E+000
 -9.726716995E+000 7.692787170E+000
 -1.063428974E+001 7.599753857E+000
 -1.063428974E+001 7.483438969E+000
 -1.063428974E+001 7.365105152E+000
 -1.063428974E+001 7.242029667E+000
 -1.063428974E+001 7.113570213E+000
 -1.063428974E+001 6.979490280E+000
 -1.063428974E+001 6.839545250E+000
 -1.063428974E+001 6.692789555E+000
 -9.659865379E+000 7.690134048E+000
 -9.595382690E+000 7.687575340E+000
 -1.063428974E+001 6.537508488E+000
 -9.531956673E+000 7.685058594E+000
 -9.469070435E+000 7.682562828E+000
 -9.406654358E+000 7.680086136E+000
 -1.063428974E+001 6.372570992E+000
 -9.344762802E+000 7.677629948E+000
 -9.283391953E+000 7.675194740E+000
 -9.222536087E+000 7.672780037E+000
 -1.063428974E+001 6.197376728E+000
 -9.162182808E+000 7.670384884E+000
 -9.102315903E+000 7.668009281E+000
 -1.063428974E+001 6.011080742E+000
 -9.042922974E+000 7.665652275E+000
 -8.983970642E+000 7.663312912E+000
 -8.924910545E+000 7.660969257E+000
 -8.865252495E+000 7.658601761E+000
 -1.063428974E+001 5.812367916E+000
 -8.804863930E+000 7.656205654E+000
 -8.743757248E+000 7.653780937E+000
 -8.681948662E+000 7.651328087E+000
 -1.063428974E+001 5.600028515E+000
 -8.619450569E+000 7.648848057E+000
 -8.556281090E+000 7.646341324E+000
 -8.492456436E+000 7.643808365E+000
 -1.063428974E+001 5.373105049E+000
 -8.427993774E+000 7.641250610E+000
 -1.063428974E+001 5.130240440E+000
 5.556901932E+000 -3.622485697E-002
 5.672092438E+000 1.116897091E-001
 5.501170158E+000 -4.241241887E-002
 5.672092438E+000 1.844040900E-001
 5.446552277E+000 -4.847631231E-002
 5.533447266E+000 -4.605255127E+000
 5.663453102E+000 -4.757808685E+000
 5.469627857E+000 -4.600122929E+000
 5.663948536E+000 -4.830446243E+000
 5.406164646E+000 -4.595019341E+000
 5.664452076E+000 -4.904208183E+000
 5.343009949E+000 -4.589940071E+000
 5.665001392E+000 -4.984671116E+000
 5.280143738E+000 -4.584884644E+000
 5.671189308E+000 -1.891124249E+000
 5.532583714E+000 -2.038924932E+000
 5.672092438E+000 2.607846558E-001
 5.392977715E+000 -5.442434549E-002
 -1.063428974E+001 -1.404342651E+000
 -9.663001060E+000 -2.444019318E+000
 -3.892808199E+000 8.750179291E+000
 5.533359528E+000 -2.605247736E+000
 5.663423061E+000 -2.753405809E+000
 5.469819069E+000 -2.600137949E+000
 5.663900375E+000 -2.823334455E+000
 5.406908035E+000 -2.595078707E+000
 5.664423466E+000 -2.900017500E+000
 5.344696999E+000 -2.590075731E+000
 5.664996147E+000 -2.983851671E+000
 5.283160686E+000 -2.585127115E+000
 5.670710564E+000 -1.821020126E+000
 5.465167999E+000 -2.046409607E+000
 5.665595055E+000 -5.071649075E+000
 5.217369080E+000 -4.579836369E+000
 5.665578365E+000 -3.069191694E+000
 5.222059250E+000 -2.580213308E+000
 5.161029339E+000 -2.575305223E+000
 5.666171551E+000 -3.156063080E+000
 5.099957943E+000 -2.570394039E+000
 5.666775227E+000 -3.244492292E+000
 5.038866997E+000 -2.565481186E+000
 5.154412746E+000 -4.574773312E+000
 5.666193962E+000 -5.159327507E+000
 5.091221333E+000 -4.569691658E+000
 5.666795731E+000 -5.247538567E+000
 5.027847767E+000 -4.564595222E+000
 -1.063428974E+001 -9.164360762E-001
 -9.212762833E+000 -2.490586519E+000
 5.535123825E+000 -6.053898335E-001
 5.663374424E+000 -7.462852001E-001
 5.472856998E+000 -6.003823280E-001
 5.663866997E+000 -8.184367418E-001
 5.411528111E+000 -5.954502821E-001
 5.664410114E+000 -8.980037570E-001
 5.351135254E+000 -5.905935764E-001
 5.664967537E+000 -9.797081947E-001
 5.291837215E+000 -5.858247876E-001
 5.665540218E+000 -1.063577175E+000
 5.233338356E+000 -5.811203718E-001
 5.175112724E+000 -5.764378905E-001
 5.666127682E+000 -1.149620533E+000
 5.116900921E+000 -5.717565417E-001
 5.666729450E+000 -1.237822175E+000
 5.058745861E+000 -5.670796633E-001
 5.000692368E+000 -5.624110699E-001
 5.667346478E+000 -1.328153610E+000
 4.942785263E+000 -5.577541590E-001
 5.667977333E+000 -1.420588374E+000
 4.885062218E+000 -5.531121492E-001
 4.827550411E+000 -5.484870672E-001
 5.668585300E+000 -1.509649277E+000
 4.770263672E+000 -5.438800454E-001
 5.670212269E+000 -1.748025417E+000
 5.399238586E+000 -2.053729296E+000
 5.667401791E+000 -5.336284637E+000
 4.964353085E+000 -4.559488773E+000
 4.900800705E+000 -4.554378033E+000
 5.668011189E+000 -5.425569057E+000
 4.837253094E+000 -4.549267769E+000
 5.668624401E+000 -5.515393257E+000
 4.773768902E+000 -4.544162273E+000
 4.710414410E+000 -4.539067268E+000
 5.669241428E+000 -5.605761528E+000
 4.647236347E+000 -4.533986568E+000
 5.669811249E+000 -5.689247608E+000
 4.589360237E+000 -4.529332161E+000
 4.977763653E+000 -2.560567141E+000
 5.667389393E+000 -3.334505796E+000
 4.916659355E+000 -2.555653095E+000
 5.668015003E+000 -3.426130772E+000
 4.855566025E+000 -2.550740242E+000
 5.670317173E+000 -5.763391972E+000
 4.535458565E+000 -4.524997711E+000
 4.479052067E+000 -4.520461559E+000
 5.670795918E+000 -5.833482265E+000
 4.419998646E+000 -4.515712261E+000
 4.794497490E+000 -2.545829058E+000
 5.668651581E+000 -3.519394636E+000
 4.733524799E+000 -2.540925741E+000
 5.669251442E+000 -3.607241631E+000
 4.672606468E+000 -2.536026716E+000
 5.669790745E+000 -3.686225176E+000
 4.611810684E+000 -2.531137466E+000
 4.550058842E+000 -2.526171446E+000
 5.670297623E+000 -3.760502815E+000
 4.486153126E+000 -2.521032333E+000
 5.670774460E+000 -3.830357075E+000
 4.419998646E+000 -2.515712023E+000
 5.669150829E+000 -1.592528939E+000
 4.713196754E+000 -5.392907858E-001
 4.656328201E+000 -5.347174406E-001
 5.669692993E+000 -1.671927452E+000
 4.599403381E+000 -5.301395655E-001
 4.541457653E+000 -5.254796147E-001
 4.481705666E+000 -5.206743479E-001
 4.419998646E+000 -5.157119036E-001
 -5.156918526E+000 -3.651692390E+000
 -4.813892365E+000 -3.804911613E+000
 -4.465085983E+000 -3.967925072E+000
 -4.109459400E+000 -4.141102791E+000
 -3.746793270E+000 -4.324381828E+000
 4.419998646E+000 -2.162448406E+000
 4.478446960E+000 -2.155959368E+000
 4.534638882E+000 -2.149720669E+000
 4.588693142E+000 -2.143719435E+000
 4.641697407E+000 -2.137834549E+000
 4.695023060E+000 -2.131914139E+000
 4.749054909E+000 -2.125915289E+000
 4.803876400E+000 -2.119828939E+000
 4.859503746E+000 -2.113652945E+000
 4.915938377E+000 -2.107387304E+000
 4.973182678E+000 -2.101031780E+000
 5.031247616E+000 -2.094585180E+000
 5.090147972E+000 -2.088045835E+000
 5.149899006E+000 -2.081412077E+000
 5.210509777E+000 -2.074682713E+000
 5.272047043E+000 -2.067850590E+000
 5.334862709E+000 -2.060876608E+000
 4.419998646E+000 -2.218730211E+000
 4.419998646E+000 -2.275476694E+000
 4.419998646E+000 -2.333504677E+000
 4.419998646E+000 -2.392894745E+000
 4.419998646E+000 -2.453620195E+000
 -3.379254580E+000 -4.516346455E+000
 -3.008805037E+000 -4.715454578E+000
 -2.635082245E+000 -4.921267986E+000
 -2.256443262E+000 -5.134017944E+000
 -1.870418668E+000 -5.354385853E+000
 -1.475483060E+000 -5.582464695E+000
 -1.079801679E+000 -5.812584877E+000
 -7.004684210E-001 -6.033717155E+000
 -3.442340493E-001 -6.240988255E+000
 -9.562913328E-003 -6.434649944E+000
 3.053279519E-001 -6.615338326E+000
 6.019490361E-001 -6.783708096E+000
 8.815084100E-001 -6.940370083E+000
 4.419998646E+000 -4.543678164E-001
 4.419998646E+000 -3.940640688E-001
 1.624853849E+000 -6.644653678E-001
 1.688311696E+000 -8.513708115E-001
 1.484671831E+000 -7.758842111E-001
 -1.063428974E+001 4.869982243E+000
 5.552081585E+000 -6.036760330E+000
 5.671247959E+000 -5.899743557E+000
 5.493209362E+000 -6.043296337E+000
 5.435055733E+000 -6.049752712E+000
 5.377594948E+000 -6.056132317E+000
 5.320800781E+000 -6.062438011E+000
 5.264649868E+000 -6.068672180E+000
 5.202098846E+000 -6.075616837E+000
 5.133030415E+000 -6.083284855E+000
 5.064413548E+000 -6.090903282E+000
 4.996296883E+000 -6.098465443E+000
 4.928708076E+000 -6.105969429E+000
 4.861668587E+000 -6.113412380E+000
 4.795197487E+000 -6.120792389E+000
 4.729249001E+000 -6.128114223E+000
 4.663902283E+000 -6.135369301E+000
 4.602408409E+000 -6.142196655E+000
 4.543515682E+000 -6.148735046E+000
 4.482726574E+000 -6.155484200E+000
 5.340401173E+000 -6.026159599E-002
 5.672091961E+000 3.410162330E-001
 5.288801670E+000 -6.599036604E-002
 5.672091961E+000 4.252930284E-001
 5.238179207E+000 -7.161068171E-002
 5.187979221E+000 -7.718406618E-002
 5.672091961E+000 5.138189793E-001
 5.137661934E+000 -8.277048916E-002
 -1.063428974E+001 -4.324452281E-001
 -8.784928322E+000 -2.550730705E+000
 5.546075344E+000 -4.037427425E+000
 5.671222687E+000 -3.896053314E+000
 5.484230042E+000 -4.044293404E+000
 5.423163414E+000 -4.051073551E+000
 5.362876892E+000 -4.057766438E+000
 5.303370953E+000 -4.064373016E+000
 5.240931034E+000 -4.071305275E+000
 5.175448418E+000 -4.078575611E+000
 5.110483170E+000 -4.085788250E+000
 5.046052933E+000 -4.092941761E+000
 4.982174873E+000 -4.100033760E+000
 4.918865204E+000 -4.107062340E+000
 4.856139660E+000 -4.114026546E+000
 4.794013500E+000 -4.120923996E+000
 4.732400894E+000 -4.127764702E+000
 4.671288490E+000 -4.134549618E+000
 4.610629559E+000 -4.141283989E+000
 4.549165249E+000 -4.148108006E+000
 4.485636711E+000 -4.155161381E+000
 4.419998646E+000 -4.162448406E+000
 4.419998646E+000 -4.223651409E+000
 4.419998646E+000 -4.282979012E+000
 4.419998646E+000 -4.341528416E+000
 4.419998646E+000 -4.399807453E+000
 4.419998646E+000 -4.457870007E+000
 5.672091961E+000 6.120821238E-001
 5.087281227E+000 -8.836395293E-002
 5.036898136E+000 -9.395767003E-002
 5.672091961E+000 7.219197154E-001
 4.986576080E+000 -9.954461455E-002
 4.936375618E+000 -1.051180959E-001
 4.886349201E+000 -1.106722355E-001
 5.672091961E+000 8.393716812E-001
 4.836537361E+000 -1.162025258E-001
 4.786844730E+000 -1.217195764E-001
 5.672091484E+000 9.649658799E-001
 4.737052917E+000 -1.272476465E-001
 4.687096596E+000 -1.327940077E-001
 5.672091484E+000 1.099266768E+000
 4.637003422E+000 -1.383555382E-001
 4.586163044E+000 -1.440000385E-001
 4.533404827E+000 -1.498574615E-001
 5.672091484E+000 1.242877960E+000
 4.478053570E+000 -1.560027897E-001
 4.419998646E+000 -1.624482870E-001
 5.672091484E+000 1.396691918E+000
 -1.063428974E+001 4.813357815E-002
 -8.374361038E+000 -2.622919559E+000
 -3.537930965E+000 8.567254066E+000
 -1.063428974E+001 5.295081139E-001
 -7.981042862E+000 -2.705238819E+000
 -1.063428974E+001 4.591001987E+000
 -1.063428974E+001 4.291713715E+000
 -1.063428974E+001 3.970475435E+000
 -3.164204836E+000 8.368708611E+000
 -1.063428974E+001 3.625513315E+000
 -2.770303011E+000 8.153722763E+000
 -1.063428974E+001 3.254910231E+000
 -2.354089260E+000 7.921206474E+000
 -1.063428974E+001 2.856638670E+000
 -1.914420962E+000 7.670880318E+000
 -1.063428974E+001 2.428493023E+000
 -1.453139544E+000 7.404573441E+000
 -1.063428974E+001 1.970006466E+000
 -9.820450544E-001 7.130437374E+000
 -1.063428974E+001 1.493563771E+000
 -5.159617066E-001 6.858829975E+000
 -1.063428974E+001 1.012136221E+000
 -5.923435837E-002 6.594002247E+000
 -5.731840134E+000 3.101802588E+000
 -5.518898010E+000 3.168521166E+000
 3.893014789E-001 6.336795807E+000
 -5.916041851E+000 2.972974062E+000
 -6.045100212E+000 2.791267633E+000
 -6.103896141E+000 2.582972527E+000
 -6.153605461E+000 2.390442133E+000
 -6.160017967E+000 2.196103096E+000
 -6.141481400E+000 2.009238958E+000
 -6.113911152E+000 1.830310583E+000
 -6.074994087E+000 1.659308553E+000
 -5.303852081E+000 3.204961538E+000
 5.672091484E+000 1.561752319E+000
 -7.601586819E+000 -2.796702862E+000
 -7.233545780E+000 -2.896528482E+000
 -6.874412060E+000 -3.004272461E+000
 -6.523052692E+000 -3.119323969E+000
 -5.794743061E+000 1.092781901E+000
 -5.882816315E+000 1.213405013E+000
 -5.954222679E+000 1.350636959E+000
 -6.018229485E+000 1.499758601E+000
 -5.695282936E+000 9.915406108E-001
 5.063160896E+000 4.157995701E+000
 5.672090054E+000 3.360859156E+000
 5.672090054E+000 3.081323624E+000
 4.744806767E+000 4.263963699E+000
 5.672090530E+000 2.819312334E+000
 4.414682388E+000 4.381733894E+000
 5.672090530E+000 2.573793173E+000
 5.672091007E+000 1.738537550E+000
 4.071733475E+000 4.512318611E+000
 5.672090530E+000 2.343736649E+000
 3.716669559E+000 4.656033993E+000
 5.672091007E+000 2.128697157E+000
 5.672091007E+000 1.927260876E+000
 3.344841480E+000 4.815405369E+000
 2.955354452E+000 4.991544724E+000
 2.548115253E+000 5.185106277E+000
 2.129086018E+000 5.393475056E+000
 1.702998638E+000 5.613968849E+000
 1.269917011E+000 5.845896244E+000
 4.419998646E+000 -2.763867378E-001
 4.419998646E+000 -2.189565897E-001
 4.419998646E+000 -3.347465098E-001
 -5.497159481E+000 -3.507095098E+000
 -5.837443352E+000 -3.370216846E+000
 8.317469954E-001 6.087356091E+000
 -5.093753338E+000 3.233696222E+000
 -4.885380745E+000 3.256105661E+000
 -4.675304413E+000 3.259977341E+000
 -4.466026783E+000 3.248624563E+000
 -4.258506775E+000 3.231183290E+000
 -4.053406715E+000 3.207623005E+000
 -3.851745129E+000 3.176001310E+000
 1.280474782E+000 -7.001693249E-001
 -3.652080536E+000 3.136609316E+000
 1.084347010E+000 -6.297290921E-001
 9.006550312E-001 -5.676785707E-001
 7.287830710E-001 -5.143550038E-001
 -3.452032804E+000 3.089962959E+000
 5.679485798E-001 -4.665002227E-001
 4.193969071E-001 -4.187899828E-001
 2.836838365E-001 -3.693382740E-001
 1.582565308E-001 -3.228838146E-001
 4.024736211E-002 -2.835047245E-001
 -7.217139751E-002 -2.506302595E-001
 -1.793761849E-001 -2.213743925E-001
 -2.815957367E-001 -1.935688108E-001
 -3.788014948E-001 -1.658581942E-001
 -4.708430171E-001 -1.387633979E-001
 -5.503953695E-001 -1.154240370E-001
 -6.190817356E-001 -9.583400190E-002
 -6.858243346E-001 -7.768651843E-002
 -7.510843873E-001 -6.108644605E-002
 -8.146927357E-001 -4.588956013E-002
 -8.765248656E-001 -3.173469380E-002
 -9.365149140E-001 -1.830282621E-002
 -9.358294606E-001 5.147171766E-002
 -9.351596832E-001 1.196425706E-001
 -9.345044494E-001 1.863393486E-001
 -1.283929825E+000 6.705624610E-002
 -1.351395726E+000 8.684328198E-002
 -1.421894193E+000 1.081997603E-001
 -1.495670557E+000 1.308233440E-001
 -1.573104024E+000 1.543227136E-001
 -1.654442310E+000 1.781094521E-001
 -1.740070105E+000 2.015351951E-001
 -1.830019474E+000 2.250084132E-001
 -1.924786925E+000 2.503387928E-001
 -2.025122404E+000 2.800991535E-001
 -2.131031513E+000 3.175817132E-001
 -2.243587732E+000 3.600773513E-001
 -2.367771387E+000 3.922488987E-001
 -2.503545761E+000 4.039478600E-001
 -2.640853882E+000 4.185021818E-001
 -2.766457319E+000 4.562296271E-001
 -2.882076979E+000 5.014169812E-001
 -2.993326426E+000 5.352802873E-001
 -3.102512121E+000 5.493976474E-001
 -3.205813408E+000 5.547900200E-001
 -3.302895784E+000 5.625730157E-001
 -3.392858982E+000 5.778256059E-001
 -3.476968765E+000 5.958986878E-001
 -3.556437969E+000 6.116341352E-001
 -3.632000685E+000 6.213585734E-001
 -3.703520536E+000 6.239749193E-001
 -3.770678997E+000 6.225517392E-001
 -3.834396362E+000 6.198605299E-001
 -3.896515131E+000 6.178554893E-001
 -3.957927942E+000 6.182305217E-001
 -4.018473625E+000 6.225581765E-001
 -3.250415802E+000 3.039497375E+000
 -3.046095133E+000 2.989258528E+000
 -1.265716076E+000 1.203560084E-001
 -2.839641094E+000 2.936122417E+000
 -2.633538723E+000 2.872219324E+000
 -1.247548103E+000 1.735221446E-001
 -5.590183258E+000 9.078920484E-001
 -2.430874348E+000 2.794224977E+000
 -1.229439259E+000 2.265149504E-001
 -2.232949972E+000 2.707915306E+000
 -5.482078552E+000 8.432446718E-001
 -2.039714813E+000 2.618556738E+000
 -1.851609230E+000 2.526454926E+000
 -1.213089585E+000 2.743601501E-001
 -1.669810534E+000 2.431003332E+000
 -5.373855591E+000 7.973437309E-001
 -1.495015621E+000 2.333254814E+000
 -1.326913476E+000 2.235660315E+000
 -5.269199848E+000 7.653753161E-001
 -1.164690137E+000 2.139935970E+000
 -1.007032514E+000 2.045926809E+000
 -8.531012535E-001 1.952906370E+000
 -7.028061152E-001 1.860513330E+000
 -5.568907261E-001 1.767126918E+000
 -4.171489179E-001 1.670163274E+000
 -2.856490016E-001 1.567620397E+000
 -1.636752784E-001 1.459259272E+000
 -5.012020469E-002 1.347491145E+000
 5.677289516E-002 1.234318137E+000
 1.601202786E-001 1.119588137E+000
 2.630319893E-001 1.002578855E+000
 3.670299649E-001 8.843137622E-001
 4.736914635E-001 7.659104466E-001
 5.841106772E-001 6.481151581E-001
 6.986728907E-001 5.301356912E-001
 8.189667463E-001 4.097123742E-001
 9.452624917E-001 2.855675817E-001
 1.075346231E+000 1.551240087E-001
 1.205202341E+000 1.434920635E-002
 1.329382420E+000 -1.399197429E-001
 1.443454623E+000 -3.070564866E-001
 1.542865515E+000 -4.829358160E-001
 -5.170046329E+000 7.426813245E-001
 -6.178736687E+000 -3.241057873E+000
 -5.077251911E+000 7.259693742E-001
 -4.990242004E+000 7.127832770E-001
 -4.908124447E+000 7.014415860E-001
 -4.830597401E+000 6.917484403E-001
 -4.757298470E+000 6.843626499E-001
 -4.687978268E+000 6.797488332E-001
 -4.622488499E+000 6.781726480E-001
 -4.560741901E+000 6.791586280E-001
 -4.502573013E+000 6.809368134E-001
 -4.492163658E+000 7.339759469E-001
 -4.016823292E+000 6.841457486E-001
 -4.481988907E+000 7.858219147E-001
 -4.015161037E+000 7.461758256E-001
 -4.472048759E+000 8.364702463E-001
 -4.462352753E+000 8.858761191E-001
 -4.013486862E+000 8.086597323E-001
 -4.452381134E+000 9.366866350E-001
 -4.011800289E+000 8.716098666E-001
 -4.441990376E+000 9.896314740E-001
 -4.010102749E+000 9.349623919E-001
 -4.431550026E+000 1.042830825E+000
 -4.008392811E+000 9.987814426E-001
 -4.421057701E+000 1.096293807E+000
 -4.006670475E+000 1.063069105E+000
 -4.410511494E+000 1.150030971E+000
 2.595960796E-001 3.250865042E-001
 3.331027627E-001 4.425128400E-001
 3.486743271E-001 5.813486576E-001
 3.091932535E-001 7.159105539E-001
 1.541150659E-001 2.424721271E-001
 2.343174815E-001 8.359212875E-001
 3.892023116E-002 1.883195192E-001
 1.388587207E-001 9.404292703E-001
 -7.455723733E-002 1.543256640E-001
 -1.820687801E-001 1.340388954E-001
 3.089701384E-002 1.031402469E+000
 -2.831881940E-001 1.231125891E-001
 -8.543034643E-002 1.110917568E+000
 -3.770236075E-001 1.188870668E-001
 -2.073931992E-001 1.180255175E+000
 -4.641807079E-001 1.194613725E-001
 -3.344236612E-001 1.240885258E+000
 -5.448912382E-001 1.235317066E-001
 -6.188555956E-001 1.300725639E-001
 -6.873779297E-001 1.384342313E-001
 -4.655102491E-001 1.293292284E+000
 -7.530910969E-001 1.484791189E-001
 -8.162219524E-001 1.599704474E-001
 -5.992797613E-001 1.337524056E+000
 -8.766340613E-001 1.726479828E-001
 -7.350973487E-001 1.373703361E+000
 -8.715925813E-001 1.401602983E+000
 -1.008041263E+000 1.421055675E+000
 -1.143573880E+000 1.431710720E+000
 -1.278090239E+000 1.433018565E+000
 -1.414279342E+000 1.423584819E+000
 -1.551939130E+000 1.400553584E+000
 -1.687706351E+000 1.359760284E+000
 -1.811546087E+000 1.297575951E+000
 -1.916246295E+000 1.205554485E+000
 -1.977996826E+000 1.086509705E+000
 -1.984730601E+000 9.582946897E-001
 -1.949006081E+000 8.410263658E-001
 -1.890691757E+000 7.415249348E-001
 -1.821114898E+000 6.568039656E-001
 -1.398413062E+000 3.558322489E-001
 -1.332585812E+000 3.244999945E-001
 -1.268855691E+000 2.967372835E-001
 -1.465859294E+000 3.910346031E-001
 -1.747792721E+000 5.855507851E-001
 -1.675423622E+000 5.261102915E-001
 -1.534706473E+000 4.306401312E-001
 -1.604785442E+000 4.754161239E-001
 -5.525203228E+000 2.452767372E+000
 -5.615602016E+000 2.299720049E+000
 -5.641468048E+000 2.134243488E+000
 -5.610092163E+000 1.979089856E+000
 -5.391785145E+000 2.573129416E+000
 -5.542806149E+000 1.844649076E+000
 -5.457750320E+000 1.732056022E+000
 -5.241904736E+000 2.660170555E+000
 -5.364029884E+000 1.636665225E+000
 -5.078612804E+000 2.725373030E+000
 -5.269063950E+000 1.556970358E+000
 -4.907919884E+000 2.772275925E+000
 -5.174953461E+000 1.489195347E+000
 -5.084446907E+000 1.431841373E+000
 -4.732814789E+000 2.803848505E+000
 -4.997457504E+000 1.382497787E+000
 -4.914793968E+000 1.340023041E+000
 -4.554310322E+000 2.822244167E+000
 -4.836904049E+000 1.303433180E+000
 -4.763986588E+000 1.271883845E+000
 -4.374592781E+000 2.828779459E+000
 -4.696412563E+000 1.244783759E+000
 -4.195776463E+000 2.824591398E+000
 -4.633285522E+000 1.221196294E+000
 -4.573482037E+000 1.200303078E+000
 -4.516896725E+000 1.181773186E+000
 -4.019972801E+000 2.810766220E+000
 -4.463409901E+000 1.165320992E+000
 -3.845798969E+000 2.787882090E+000
 -3.672833443E+000 2.756107807E+000
 -3.500046253E+000 2.715072393E+000
 -3.327220678E+000 2.664109707E+000
 -3.156356812E+000 2.602917194E+000
 -2.988626480E+000 2.530733347E+000
 -2.828134537E+000 2.447925568E+000
 -2.672278404E+000 2.350618124E+000
 -2.527108669E+000 2.238226891E+000
 -2.400827169E+000 2.111569405E+000
 -2.300516367E+000 1.969155312E+000
 -2.238853931E+000 1.814997792E+000
 -2.227761984E+000 1.653766274E+000
 -2.274219990E+000 1.500748277E+000
 -2.367331982E+000 1.371933103E+000
 -2.490473747E+000 1.269399047E+000
 -2.625883341E+000 1.192564249E+000
 -2.760012150E+000 1.137448668E+000
 -2.889275074E+000 1.097874284E+000
 -3.011744499E+000 1.069809079E+000
 -3.335369587E+000 1.029475927E+000
 -3.234618902E+000 1.037413001E+000
 -3.675939560E+000 1.028848767E+000
 -3.599067926E+000 1.025679588E+000
 -3.748088360E+000 1.033491135E+000
 -3.815886021E+000 1.039300680E+000
 -3.880815029E+000 1.046164513E+000
 -3.944480658E+000 1.054122925E+000
 -3.516846895E+000 1.024369359E+000
 -3.429280043E+000 1.025418401E+000
 -3.126918316E+000 1.050340414E+000
